tweet_id,favorites,retweets,user_followers,user_favourites,date_time
892420643555336193,32856,6859,9384024,147172,2017-08-01 16:23:56
892177421306343426,28380,5169,9384024,147172,2017-08-01 00:17:27
891815181378084864,21329,3410,9384024,147172,2017-07-31 00:18:03
891689557279858688,35814,7072,9384024,147172,2017-07-30 15:58:51
891327558926688256,34244,7576,9384024,147172,2017-07-29 16:00:24
891087950875897856,17232,2544,9384024,147172,2017-07-29 00:08:17
890971913173991426,10051,1616,9384024,147172,2017-07-28 16:27:12
890729181411237888,55241,15414,9384024,147172,2017-07-28 00:22:40
890609185150312448,23775,3550,9384024,147172,2017-07-27 16:25:51
890240255349198849,27103,5969,9384024,147172,2017-07-26 15:59:51
890006608113172480,26236,6013,9384024,147172,2017-07-26 00:31:25
889880896479866881,23792,4061,9384024,147172,2017-07-25 16:11:53
889665388333682689,40830,8177,9384024,147172,2017-07-25 01:55:32
889638837579907072,22986,3641,9384024,147172,2017-07-25 00:10:02
889531135344209921,12956,1850,9384024,147172,2017-07-24 17:02:04
889278841981685760,21402,4349,9384024,147172,2017-07-24 00:19:32
888917238123831296,24857,3680,9384024,147172,2017-07-23 00:22:39
888804989199671297,21784,3453,9384024,147172,2017-07-22 16:56:37
888554962724278272,16821,2833,9384024,147172,2017-07-22 00:23:06
888078434458587136,18538,2836,9384024,147172,2017-07-20 16:49:33
887705289381826560,25781,4428,9384024,147172,2017-07-19 16:06:48
887517139158093824,39437,9613,9384024,147172,2017-07-19 03:39:09
887473957103951883,58512,14717,9384024,147172,2017-07-19 00:47:34
887343217045368832,28690,8582,9384024,147172,2017-07-18 16:08:03
887101392804085760,26120,4877,9384024,147172,2017-07-18 00:07:08
886983233522544640,29499,6173,9384024,147172,2017-07-17 16:17:36
886736880519319552,10203,2569,9384024,147172,2017-07-16 23:58:41
886680336477933568,19132,3661,9384024,147172,2017-07-16 20:14:00
886366144734445568,17986,2563,9384024,147172,2017-07-15 23:25:31
886267009285017600,101,4,9384024,147172,2017-07-15 16:51:35
886258384151887873,23811,5157,9384024,147172,2017-07-15 16:17:19
886054160059072513,0,90,9384024,147172,2017-07-15 02:45:48
885984800019947520,27797,5495,9384024,147172,2017-07-14 22:10:11
885528943205470208,30650,5218,9384024,147172,2017-07-13 15:58:47
885518971528720385,17372,3045,9384024,147172,2017-07-13 15:19:09
885311592912609280,0,15116,9384024,147172,2017-07-13 01:35:06
885167619883638784,18663,3596,9384024,147172,2017-07-12 16:03:00
884925521741709313,65412,14667,9384024,147172,2017-07-12 00:01:00
884876753390489601,23648,4565,9384024,147172,2017-07-11 20:47:12
884562892145688576,20669,3811,9384024,147172,2017-07-11 00:00:02
884441805382717440,23102,4704,9384024,147172,2017-07-10 15:58:53
884247878851493888,61763,16581,9384024,147172,2017-07-10 03:08:17
884162670584377345,17385,2449,9384024,147172,2017-07-09 21:29:42
883838122936631299,18547,2796,9384024,147172,2017-07-09 00:00:04
883482846933004288,38961,8085,9384024,147172,2017-07-08 00:28:19
883360690899218434,19335,3012,9384024,147172,2017-07-07 16:22:55
883117836046086144,31569,5424,9384024,147172,2017-07-07 00:17:54
882992080364220416,20382,3179,9384024,147172,2017-07-06 15:58:11
882762694511734784,24081,4020,9384024,147172,2017-07-06 00:46:41
882627270321602560,23849,4956,9384024,147172,2017-07-05 15:48:34
882268110199369728,38143,9384,9384024,147172,2017-07-04 16:01:23
882045870035918850,24936,3989,9384024,147172,2017-07-04 01:18:17
881906580714921986,20782,2786,9384024,147172,2017-07-03 16:04:48
881666595344535552,43195,8739,9384024,147172,2017-07-03 00:11:11
881633300179243008,112,8,9384024,147172,2017-07-02 21:58:53
881536004380872706,42146,13105,9384024,147172,2017-07-02 15:32:16
881268444196462592,19803,4369,9384024,147172,2017-07-01 21:49:04
880935762899988482,14545,2278,9384024,147172,2017-06-30 23:47:07
880872448815771648,18158,3146,9384024,147172,2017-06-30 19:35:32
880465832366813184,24316,5108,9384024,147172,2017-06-29 16:39:47
880221127280381952,22951,3395,9384024,147172,2017-06-29 00:27:25
880095782870896641,23551,3569,9384024,147172,2017-06-28 16:09:20
879862464715927552,19108,2864,9384024,147172,2017-06-28 00:42:13
879674319642796034,281,9,9384024,147172,2017-06-27 12:14:36
879492040517615616,20058,2574,9384024,147172,2017-06-27 00:10:17
879415818425184262,90299,36620,9384024,147172,2017-06-26 19:07:24
879376492567855104,14427,2604,9384024,147172,2017-06-26 16:31:08
879130579576475649,0,5603,9384024,147172,2017-06-26 00:13:58
879050749262655488,19200,3858,9384024,147172,2017-06-25 18:56:45
879008229531029506,16267,2199,9384024,147172,2017-06-25 16:07:47
878776093423087618,16562,3360,9384024,147172,2017-06-25 00:45:22
878604707211726852,25680,5795,9384024,147172,2017-06-24 13:24:20
878404777348136964,0,1050,9384024,147172,2017-06-24 00:09:53
878316110768087041,0,5412,9384024,147172,2017-06-23 18:17:33
878281511006478336,6578,1050,9384024,147172,2017-06-23 16:00:04
878057613040115712,35840,5603,9384024,147172,2017-06-23 01:10:23
877736472329191424,67342,15483,9384024,147172,2017-06-22 03:54:17
877556246731214848,19293,3092,9384024,147172,2017-06-21 15:58:08
877316821321428993,23458,4256,9384024,147172,2017-06-21 00:06:44
877201837425926144,23164,4523,9384024,147172,2017-06-20 16:29:50
876838120628539392,17654,2746,9384024,147172,2017-06-19 16:24:33
876537666061221889,20298,3876,9384024,147172,2017-06-18 20:30:39
876484053909872640,16057,1958,9384024,147172,2017-06-18 16:57:37
876120275196170240,23897,3830,9384024,147172,2017-06-17 16:52:05
875747767867523072,21438,3511,9384024,147172,2017-06-16 16:11:53
875144289856114688,18844,4075,9384024,147172,2017-06-15 00:13:52
875097192612077568,23473,4983,9384024,147172,2017-06-14 21:06:43
875021211251597312,21839,3880,9384024,147172,2017-06-14 16:04:48
874680097055178752,23783,3831,9384024,147172,2017-06-13 17:29:20
874434818259525634,0,11980,9384024,147172,2017-06-13 01:14:41
874296783580663808,22281,3404,9384024,147172,2017-06-12 16:06:11
874057562936811520,19400,3298,9384024,147172,2017-06-12 00:15:36
874012996292530176,29183,8408,9384024,147172,2017-06-11 21:18:31
873580283840344065,20713,3273,9384024,147172,2017-06-10 16:39:04
873337748698140672,0,1304,9384024,147172,2017-06-10 00:35:19
873213775632977920,6133,1304,9384024,147172,2017-06-09 16:22:42
872967104147763200,23362,4464,9384024,147172,2017-06-09 00:02:31
872820683541237760,12692,3093,9384024,147172,2017-06-08 14:20:41
872620804844003328,17704,2997,9384024,147172,2017-06-08 01:06:27
872486979161796608,34927,7498,9384024,147172,2017-06-07 16:14:40
872122724285648897,29339,6675,9384024,147172,2017-06-06 16:07:15
871879754684805121,32093,9071,9384024,147172,2017-06-06 00:01:46
871762521631449091,17331,2911,9384024,147172,2017-06-05 16:15:56
871515927908634625,17350,2878,9384024,147172,2017-06-04 23:56:03
871166179821445120,0,4784,9384024,147172,2017-06-04 00:46:17
871102520638267392,18004,4566,9384024,147172,2017-06-03 20:33:19
871032628920680449,19567,3161,9384024,147172,2017-06-03 15:55:36
870804317367881728,28895,5165,9384024,147172,2017-06-03 00:48:22
870726314365509632,101,3,9384024,147172,2017-06-02 19:38:25
870656317836468226,10543,2153,9384024,147172,2017-06-02 15:00:16
870374049280663552,71221,22070,9384024,147172,2017-06-01 20:18:38
870308999962521604,18881,3477,9384024,147172,2017-06-01 16:00:09
870063196459192321,31485,6931,9384024,147172,2017-05-31 23:43:25
869772420881756160,36696,8456,9384024,147172,2017-05-31 04:27:59
869702957897576449,24280,5288,9384024,147172,2017-05-30 23:51:58
869596645499047938,13705,2581,9384024,147172,2017-05-30 16:49:31
869227993411051520,17591,3136,9384024,147172,2017-05-29 16:24:37
868880397819494401,56325,12003,9384024,147172,2017-05-28 17:23:24
868639477480148993,0,1709,9384024,147172,2017-05-28 01:26:04
868622495443632128,22911,4369,9384024,147172,2017-05-28 00:18:35
868552278524837888,8661,1709,9384024,147172,2017-05-27 19:39:34
867900495410671616,20949,3496,9384024,147172,2017-05-26 00:29:37
867774946302451713,29413,6125,9384024,147172,2017-05-25 16:10:44
867421006826221569,13891,2080,9384024,147172,2017-05-24 16:44:18
867072653475098625,0,99,9384024,147172,2017-05-23 17:40:04
867051520902168576,27879,6657,9384024,147172,2017-05-23 16:16:06
866720684873056260,17338,4056,9384024,147172,2017-05-22 18:21:28
866686824827068416,16642,2908,9384024,147172,2017-05-22 16:06:55
866450705531457537,105660,29521,9384024,147172,2017-05-22 00:28:40
866334964761202691,45289,11980,9384024,147172,2017-05-21 16:48:45
866094527597207552,0,7022,9384024,147172,2017-05-21 00:53:21
865718153858494464,22202,4716,9384024,147172,2017-05-19 23:57:46
865359393868664832,22912,4196,9384024,147172,2017-05-19 00:12:11
865006731092295680,24310,6528,9384024,147172,2017-05-18 00:50:50
864873206498414592,27962,7325,9384024,147172,2017-05-17 16:00:15
864279568663928832,12662,2520,9384024,147172,2017-05-16 00:41:21
864197398364647424,25935,7412,9384024,147172,2017-05-15 19:14:50
863907417377173506,17891,3523,9384024,147172,2017-05-15 00:02:33
863553081350529029,13264,3566,9384024,147172,2017-05-14 00:34:33
863471782782697472,0,2040,9384024,147172,2017-05-13 19:11:30
863432100342583297,20632,4473,9384024,147172,2017-05-13 16:33:49
863427515083354112,1918,80,9384024,147172,2017-05-13 16:15:35
863079547188785154,7694,935,9384024,147172,2017-05-12 17:12:53
863062471531167744,7303,2040,9384024,147172,2017-05-12 16:05:02
862831371563274240,16725,4359,9384024,147172,2017-05-12 00:46:44
862722525377298433,14880,3025,9384024,147172,2017-05-11 17:34:13
862457590147678208,17761,4155,9384024,147172,2017-05-11 00:01:27
862096992088072192,64555,19596,9384024,147172,2017-05-10 00:08:34
861383897657036800,31423,9076,9384024,147172,2017-05-08 00:54:59
861288531465048066,14923,3509,9384024,147172,2017-05-07 18:36:02
861005113778896900,14521,3258,9384024,147172,2017-05-06 23:49:50
860981674716409858,0,1821,9384024,147172,2017-05-06 22:16:42
860924035999428608,0,661,9384024,147172,2017-05-06 18:27:40
860563773140209665,6535,1821,9384024,147172,2017-05-05 18:36:06
860524505164394496,20574,4491,9384024,147172,2017-05-05 16:00:04
860276583193509888,16010,2996,9384024,147172,2017-05-04 23:34:55
860184849394610176,14557,5004,9384024,147172,2017-05-04 17:30:24
860177593139703809,0,26101,9384024,147172,2017-05-04 17:01:34
859924526012018688,17050,3494,9384024,147172,2017-05-04 00:15:58
859851578198683649,13552,3007,9384024,147172,2017-05-03 19:26:06
859607811541651456,16331,1346,9384024,147172,2017-05-03 03:17:27
859196978902773760,78290,25728,9384024,147172,2017-05-02 00:04:57
859074603037188101,29645,11743,9384024,147172,2017-05-01 15:58:40
858860390427611136,0,6936,9384024,147172,2017-05-01 01:47:28
858843525470990336,13756,2973,9384024,147172,2017-05-01 00:40:27
858471635011153920,18920,4178,9384024,147172,2017-04-30 00:02:42
858107933456039936,13826,2481,9384024,147172,2017-04-28 23:57:28
857989990357356544,14051,2223,9384024,147172,2017-04-28 16:08:49
857746408056729600,29977,9158,9384024,147172,2017-04-28 00:00:54
857393404942143489,5159,1410,9384024,147172,2017-04-27 00:38:11
857263160327368704,17778,3895,9384024,147172,2017-04-26 16:00:39
857214891891077121,198,16,9384024,147172,2017-04-26 12:48:51
857062103051644929,0,142,9384024,147172,2017-04-26 02:41:43
857029823797047296,16629,3430,9384024,147172,2017-04-26 00:33:27
856543823941562368,14368,2493,9384024,147172,2017-04-24 16:22:16
856526610513747968,10491,1617,9384024,147172,2017-04-24 15:13:52
856288084350160898,473,14,9384024,147172,2017-04-23 23:26:03
856282028240666624,24551,5469,9384024,147172,2017-04-23 23:01:59
855862651834028034,296,21,9384024,147172,2017-04-22 19:15:32
855860136149123072,4292,841,9384024,147172,2017-04-22 19:05:32
855857698524602368,10528,1812,9384024,147172,2017-04-22 18:55:51
855851453814013952,40274,15609,9384024,147172,2017-04-22 18:31:02
855818117272018944,23579,4704,9384024,147172,2017-04-22 16:18:34
855459453768019968,26376,7164,9384024,147172,2017-04-21 16:33:22
855245323840757760,0,5153,9384024,147172,2017-04-21 02:22:29
855138241867124737,0,36,9384024,147172,2017-04-20 19:16:59
854732716440526848,20123,5247,9384024,147172,2017-04-19 16:25:34
854482394044301312,25836,5909,9384024,147172,2017-04-18 23:50:52
854365224396361728,16694,4059,9384024,147172,2017-04-18 16:05:17
854120357044912130,28321,6460,9384024,147172,2017-04-17 23:52:16
854010172552949760,14352,2746,9384024,147172,2017-04-17 16:34:26
853760880890318849,25320,5029,9384024,147172,2017-04-17 00:03:50
853639147608842240,30722,8697,9384024,147172,2017-04-16 16:00:07
853299958564483072,13724,3113,9384024,147172,2017-04-15 17:32:18
852936405516943360,0,1755,9384024,147172,2017-04-14 17:27:40
852912242202992640,7990,1556,9384024,147172,2017-04-14 15:51:39
852672615818899456,13219,1870,9384024,147172,2017-04-13 23:59:28
852553447878664193,14450,3054,9384024,147172,2017-04-13 16:05:56
852311364735569921,29475,8683,9384024,147172,2017-04-13 00:03:59
852226086759018497,17804,5952,9384024,147172,2017-04-12 18:25:07
852189679701164033,10238,1397,9384024,147172,2017-04-12 16:00:27
851591660324737024,14526,3063,9384024,147172,2017-04-11 00:24:08
851464819735769094,21628,6171,9384024,147172,2017-04-10 16:00:07
851224888060895234,18483,5054,9384024,147172,2017-04-10 00:06:42
850753642995093505,27387,7942,9384024,147172,2017-04-08 16:54:09
850380195714523136,11682,2283,9384024,147172,2017-04-07 16:10:12
850333567704068097,3095,299,9384024,147172,2017-04-07 13:04:55
850145622816686080,14606,3325,9384024,147172,2017-04-07 00:38:06
850019790995546112,18216,4287,9384024,147172,2017-04-06 16:18:05
849776966551130114,27102,6686,9384024,147172,2017-04-06 00:13:11
849668094696017920,0,4349,9384024,147172,2017-04-05 17:00:34
849412302885593088,14243,2778,9384024,147172,2017-04-05 00:04:08
849336543269576704,10231,1653,9384024,147172,2017-04-04 19:03:06
849051919805034497,37781,7452,9384024,147172,2017-04-04 00:12:06
848690551926992896,22537,3853,9384024,147172,2017-04-03 00:16:10
848324959059550208,22165,4078,9384024,147172,2017-04-02 00:03:26
848213670039564288,7300,633,9384024,147172,2017-04-01 16:41:12
848212111729840128,14577,2662,9384024,147172,2017-04-01 16:35:01
847978865427394560,0,2850,9384024,147172,2017-04-01 01:08:10
847971574464610304,0,383,9384024,147172,2017-04-01 00:39:12
847962785489326080,21135,4487,9384024,147172,2017-04-01 00:04:17
847842811428974592,4892,1168,9384024,147172,2017-03-31 16:07:33
847617282490613760,6245,372,9384024,147172,2017-03-31 01:11:22
847606175596138505,16846,3022,9384024,147172,2017-03-31 00:27:14
847251039262605312,18403,3834,9384024,147172,2017-03-30 00:56:03
847157206088847362,17803,5126,9384024,147172,2017-03-29 18:43:12
847116187444137987,19240,2820,9384024,147172,2017-03-29 16:00:12
846874817362120707,18111,3486,9384024,147172,2017-03-29 00:01:05
846514051647705089,39965,10181,9384024,147172,2017-03-28 00:07:32
846505985330044928,12643,2706,9384024,147172,2017-03-27 23:35:28
846153765933735936,28330,7997,9384024,147172,2017-03-27 00:15:53
846139713627017216,27964,8949,9384024,147172,2017-03-26 23:20:02
846042936437604353,14392,2536,9384024,147172,2017-03-26 16:55:29
845812042753855489,26253,7715,9384024,147172,2017-03-26 01:38:00
845677943972139009,22713,4296,9384024,147172,2017-03-25 16:45:08
845397057150107648,6881,1583,9384024,147172,2017-03-24 22:08:59
845306882940190720,21022,4762,9384024,147172,2017-03-24 16:10:40
845098359547420673,0,6798,9384024,147172,2017-03-24 02:22:04
844979544864018432,12339,2283,9384024,147172,2017-03-23 18:29:57
844973813909606400,13565,2797,9384024,147172,2017-03-23 18:07:10
844580511645339650,14818,2766,9384024,147172,2017-03-22 16:04:20
844223788422217728,12336,1960,9384024,147172,2017-03-21 16:26:50
843981021012017153,13708,2650,9384024,147172,2017-03-21 00:22:10
843856843873095681,19380,4093,9384024,147172,2017-03-20 16:08:44
843604394117681152,15277,2436,9384024,147172,2017-03-19 23:25:35
843235543001513987,19407,5286,9384024,147172,2017-03-18 22:59:54
842846295480000512,13820,3238,9384024,147172,2017-03-17 21:13:10
842765311967449089,6122,1158,9384024,147172,2017-03-17 15:51:22
842535590457499648,16376,3098,9384024,147172,2017-03-17 00:38:32
842163532590374912,22100,5153,9384024,147172,2017-03-16 00:00:07
842115215311396866,12670,2694,9384024,147172,2017-03-15 20:48:07
841833993020538882,0,13311,9384024,147172,2017-03-15 02:10:39
841680585030541313,23317,7000,9384024,147172,2017-03-14 16:01:03
841439858740625411,11362,3229,9384024,147172,2017-03-14 00:04:30
841320156043304961,17890,4919,9384024,147172,2017-03-13 16:08:50
841314665196081154,14319,4159,9384024,147172,2017-03-13 15:47:01
841077006473256960,20629,4784,9384024,147172,2017-03-13 00:02:39
840761248237133825,0,1584,9384024,147172,2017-03-12 03:07:56
840728873075638272,0,14362,9384024,147172,2017-03-12 00:59:17
840698636975636481,156,2,9384024,147172,2017-03-11 22:59:09
840696689258311684,11147,868,9384024,147172,2017-03-11 22:51:24
840632337062862849,8181,1584,9384024,147172,2017-03-11 18:35:42
840370681858686976,14881,4081,9384024,147172,2017-03-11 01:15:58
840268004936019968,17395,5100,9384024,147172,2017-03-10 18:27:58
839990271299457024,12167,2023,9384024,147172,2017-03-10 00:04:21
839549326359670784,24881,6936,9384024,147172,2017-03-08 18:52:12
839239871831150596,24548,5813,9384024,147172,2017-03-07 22:22:32
838952994649550848,17862,3588,9384024,147172,2017-03-07 03:22:35
838921590096166913,10106,1816,9384024,147172,2017-03-07 01:17:48
838916489579200512,0,29,9384024,147172,2017-03-07 00:57:32
838831947270979586,0,9812,9384024,147172,2017-03-06 19:21:35
838561493054533637,9904,1206,9384024,147172,2017-03-06 01:26:54
838476387338051585,20425,4279,9384024,147172,2017-03-05 19:48:43
838201503651401729,0,9014,9384024,147172,2017-03-05 01:36:26
838150277551247360,1536,295,9384024,147172,2017-03-04 22:12:52
838085839343206401,127,0,9384024,147172,2017-03-04 17:56:49
838083903487373313,16009,2799,9384024,147172,2017-03-04 17:49:08
837820167694528512,30934,7022,9384024,147172,2017-03-04 00:21:08
837482249356513284,3490,398,9384024,147172,2017-03-03 01:58:22
837471256429613056,11630,2030,9384024,147172,2017-03-03 01:14:41
837110210464448512,14605,2141,9384024,147172,2017-03-02 01:20:01
836989968035819520,11600,2074,9384446,147176,2017-03-01 17:22:13
836753516572119041,17593,4175,9384024,147172,2017-03-01 01:42:39
836677758902222849,11501,1977,9384024,147172,2017-02-28 20:41:37
836648853927522308,0,496,9384024,147172,2017-02-28 18:46:45
836397794269200385,0,24604,9384024,147172,2017-02-28 02:09:08
836380477523124226,13479,2692,9384024,147172,2017-02-28 01:00:19
836260088725786625,19327,3899,9384024,147172,2017-02-27 17:01:56
836001077879255040,17377,3824,9384024,147172,2017-02-26 23:52:43
835685285446955009,0,7271,9384024,147172,2017-02-26 02:57:52
835574547218894849,16170,3237,9384024,147172,2017-02-25 19:37:50
835536468978302976,0,1519,9384024,147172,2017-02-25 17:06:32
835309094223372289,0,18735,9384024,147172,2017-02-25 02:03:02
835297930240217089,14944,2683,9384024,147172,2017-02-25 01:18:40
835264098648616962,7024,1519,9384024,147172,2017-02-24 23:04:14
835246439529840640,1944,63,9384024,147172,2017-02-24 21:54:03
835172783151792128,23842,5198,9384024,147172,2017-02-24 17:01:22
835152434251116546,20374,2698,9384024,147172,2017-02-24 15:40:31
834931633769889797,9803,1461,9384024,147172,2017-02-24 01:03:08
834786237630337024,19582,4999,9384024,147172,2017-02-23 15:25:23
834574053763584002,12447,2268,9384024,147172,2017-02-23 01:22:14
834477809192075265,0,9568,9384024,147172,2017-02-22 18:59:48
834458053273591808,8775,1514,9384024,147172,2017-02-22 17:41:18
834209720923721728,18711,4249,9384024,147172,2017-02-22 01:14:30
834167344700198914,14364,3285,9384024,147172,2017-02-21 22:26:07
834089966724603904,9164,1924,9384024,147172,2017-02-21 17:18:39
834086379323871233,11874,1996,9384024,147172,2017-02-21 17:04:24
833863086058651648,12243,2163,9384024,147172,2017-02-21 02:17:06
833826103416520705,16609,3429,9384024,147172,2017-02-20 23:50:09
833732339549220864,0,199,9384024,147172,2017-02-20 17:37:34
833722901757046785,19075,2943,9384024,147172,2017-02-20 17:00:04
833479644947025920,13610,1847,9384024,147172,2017-02-20 00:53:27
833124694597443584,18415,4349,9384024,147172,2017-02-19 01:23:00
832998151111966721,12072,1959,9384024,147172,2017-02-18 17:00:10
832769181346996225,0,37,9384024,147172,2017-02-18 01:50:19
832757312314028032,15361,3252,9384024,147172,2017-02-18 01:03:09
832682457690300417,10833,2603,9384024,147172,2017-02-17 20:05:43
832645525019123713,2649,474,9384024,147172,2017-02-17 17:38:57
832636094638288896,14448,2497,9384024,147172,2017-02-17 17:01:29
832397543355072512,10886,1997,9384024,147172,2017-02-17 01:13:34
832369877331693569,15560,2850,9384024,147172,2017-02-16 23:23:38
832273440279240704,10294,2095,9384024,147172,2017-02-16 17:00:25
832215909146226688,0,5608,9384024,147172,2017-02-16 13:11:49
832215726631055365,0,8424,9384024,147172,2017-02-16 13:11:05
832088576586297345,56,2,9384024,147172,2017-02-16 04:45:50
832040443403784192,0,8635,9384024,147172,2017-02-16 01:34:34
832032802820481025,16198,4192,9384024,147172,2017-02-16 01:04:13
831939777352105988,21832,5537,9384024,147172,2017-02-15 18:54:34
831926988323639298,311,33,9384024,147172,2017-02-15 18:03:45
831911600680497154,25120,5851,9384024,147172,2017-02-15 17:02:36
831670449226514432,9484,1658,9384024,147172,2017-02-15 01:04:21
831650051525054464,6470,1755,9384024,147172,2017-02-14 23:43:18
831552930092285952,8219,2116,9384024,147172,2017-02-14 17:17:22
831322785565769729,8484,1407,9384024,147172,2017-02-14 02:02:51
831315979191906304,6011,1012,9384024,147172,2017-02-14 01:35:49
831309418084069378,10742,2209,9384024,147172,2017-02-14 01:09:44
831262627380748289,10830,1856,9384024,147172,2017-02-13 22:03:49
830956169170665475,7281,1357,9384024,147172,2017-02-13 01:46:03
830583320585068544,60758,15116,9384024,147172,2017-02-12 01:04:29
830173239259324417,0,5139,9384024,147172,2017-02-10 21:54:58
830097400375152640,8888,2638,9384024,147172,2017-02-10 16:53:37
829878982036299777,0,4495,9384024,147172,2017-02-10 02:25:42
829861396166877184,11155,1761,9384024,147172,2017-02-10 01:15:49
829501995190984704,29039,9568,9384024,147172,2017-02-09 01:27:41
829449946868879360,9603,1825,9384024,147172,2017-02-08 22:00:52
829141528400556032,22261,6641,9384024,147172,2017-02-08 01:35:19
829011960981237760,48519,14647,9384024,147172,2017-02-07 17:00:28
828801551087042563,0,3092,9384024,147172,2017-02-07 03:04:22
828770345708580865,23343,5274,9384024,147172,2017-02-07 01:00:22
828708714936930305,33264,10093,9384024,147172,2017-02-06 20:55:28
828650029636317184,8675,1213,9384024,147172,2017-02-06 17:02:17
828409743546925057,5858,1059,9384024,147172,2017-02-06 01:07:28
828408677031882754,7048,1163,9384024,147172,2017-02-06 01:03:14
828381636999917570,11500,2019,9384024,147172,2017-02-05 23:15:47
828376505180889089,6784,970,9384024,147172,2017-02-05 22:55:23
828372645993398273,11511,2668,9384024,147172,2017-02-05 22:40:03
828361771580813312,2015,161,9384024,147172,2017-02-05 21:56:51
828046555563323392,10749,2604,9384024,147172,2017-02-05 01:04:17
828011680017821696,9460,1952,9384024,147172,2017-02-04 22:45:42
827933404142436356,18321,4729,9384024,147172,2017-02-04 17:34:40
827653905312006145,14127,2733,9384024,147172,2017-02-03 23:04:02
827600520311402496,6861,856,9384024,147172,2017-02-03 19:31:54
827324948884643840,14521,2751,9384024,147172,2017-02-03 01:16:53
827199976799354881,9711,2017,9384024,147172,2017-02-02 17:00:17
826958653328592898,19704,4495,9384024,147172,2017-02-02 01:01:21
826848821049180160,33055,9158,9384024,147172,2017-02-01 17:44:55
826615380357632002,0,3604,9384024,147172,2017-02-01 02:17:19
826598799820865537,4709,225,9384024,147172,2017-02-01 01:11:25
826598365270007810,9185,2138,9384024,147172,2017-02-01 01:09:42
826476773533745153,16874,3821,9384024,147172,2017-01-31 17:06:32
826240494070030336,12146,2374,9384024,147172,2017-01-31 01:27:39
826204788643753985,4465,842,9384024,147172,2017-01-30 23:05:46
826115272272650244,14312,2808,9384024,147172,2017-01-30 17:10:04
825876512159186944,9619,1707,9384024,147172,2017-01-30 01:21:19
825829644528148480,11671,2285,9384024,147172,2017-01-29 22:15:05
825535076884762624,52032,15879,9384024,147172,2017-01-29 02:44:34
825147591692263424,16734,4095,9384024,147172,2017-01-28 01:04:51
825120256414846976,0,1154,9384024,147172,2017-01-27 23:16:13
825026590719483904,5739,1154,9384024,147172,2017-01-27 17:04:02
824796380199809024,0,4993,9384024,147172,2017-01-27 01:49:15
824775126675836928,13659,3206,9384024,147172,2017-01-27 00:24:48
824663926340194305,9661,1619,9384024,147172,2017-01-26 17:02:56
824325613288833024,10856,9621,9384024,147172,2017-01-25 18:38:36
824297048279236611,13853,3491,9384024,147172,2017-01-25 16:45:05
824025158776213504,4398,539,9384024,147172,2017-01-24 22:44:42
823939628516474880,9754,2482,9384024,147172,2017-01-24 17:04:50
823719002937630720,0,10152,9384024,147172,2017-01-24 02:28:08
823699002998870016,12703,2263,9384024,147172,2017-01-24 01:08:40
823581115634085888,11873,2394,9384024,147172,2017-01-23 17:20:14
823333489516937216,641,20,9384024,147172,2017-01-23 00:56:15
823322678127919110,14392,3643,9384024,147172,2017-01-23 00:13:17
823269594223824897,0,9044,9384024,147172,2017-01-22 20:42:21
822975315408461824,15881,3125,9384024,147172,2017-01-22 01:12:59
822872901745569793,120416,39015,9384024,147172,2017-01-21 18:26:02
822859134160621569,12066,2072,9384024,147172,2017-01-21 17:31:20
822647212903690241,0,5840,9384024,147172,2017-01-21 03:29:14
822610361945911296,13568,2667,9384024,147172,2017-01-21 01:02:48
822489057087389700,16634,5840,9384024,147172,2017-01-20 17:00:46
822462944365645825,25721,12916,9384024,147172,2017-01-20 15:17:01
822244816520155136,32170,9044,9384024,147172,2017-01-20 00:50:15
822163064745328640,0,4290,9384024,147172,2017-01-19 19:25:24
821886076407029760,10361,2102,9384024,147172,2017-01-19 01:04:45
821813639212650496,0,3059,9384024,147172,2017-01-18 20:16:54
821765923262631936,7669,1535,9384024,147172,2017-01-18 17:07:18
821522889702862852,7357,1609,9384024,147172,2017-01-18 01:01:34
821421320206483457,0,5034,9384024,147172,2017-01-17 18:17:58
821407182352777218,10826,3922,9384024,147172,2017-01-17 17:21:47
821153421864615936,229,8,9384024,147172,2017-01-17 00:33:26
821149554670182400,7886,1793,9384024,147172,2017-01-17 00:18:04
821107785811234820,8786,1924,9384024,147172,2017-01-16 21:32:06
821044531881721856,11586,2082,9384024,147172,2017-01-16 17:20:45
820837357901512704,0,6115,9384024,147172,2017-01-16 03:37:31
820749716845686786,28945,9014,9384024,147172,2017-01-15 21:49:15
820690176645140481,11274,2951,9384024,147172,2017-01-15 17:52:40
820494788566847489,0,516,9384024,147172,2017-01-15 04:56:16
820446719150292993,0,2356,9384024,147172,2017-01-15 01:45:15
820314633777061888,3070,516,9384024,147172,2017-01-14 17:00:24
820078625395449857,18124,5663,9384024,147172,2017-01-14 01:22:35
820013781606658049,0,1063,9384024,147172,2017-01-13 21:04:55
819952236453363712,4883,1063,9384024,147172,2017-01-13 17:00:21
819924195358416896,11907,4450,9384024,147172,2017-01-13 15:08:56
819711362133872643,12225,2801,9384024,147172,2017-01-13 01:03:12
819588359383371776,8855,1835,9384024,147172,2017-01-12 16:54:26
819347104292290561,6638,1100,9384024,147172,2017-01-12 00:55:47
819238181065359361,2067,373,9384024,147172,2017-01-11 17:42:57
819227688460238848,21177,6115,9384024,147172,2017-01-11 17:01:16
819015337530290176,0,33818,9384024,147172,2017-01-11 02:57:27
819015331746349057,0,17425,9384024,147172,2017-01-11 02:57:26
819006400881917954,41865,17425,9384024,147172,2017-01-11 02:21:57
819004803107983360,80489,33818,9384024,147172,2017-01-11 02:15:36
818646164899774465,0,19049,9384024,147172,2017-01-10 02:30:30
818627210458333184,20657,6917,9384024,147172,2017-01-10 01:15:10
818614493328580609,9046,2315,9384024,147172,2017-01-10 00:24:38
818588835076603904,0,5578,9384024,147172,2017-01-09 22:42:41
818536468981415936,9970,2226,9384024,147172,2017-01-09 19:14:36
818307523543449600,0,7319,9384024,147172,2017-01-09 04:04:51
818259473185828864,10125,2035,9384024,147172,2017-01-09 00:53:55
818145370475810820,11299,2322,9384024,147172,2017-01-08 17:20:31
817908911860748288,4484,724,9384024,147172,2017-01-08 01:40:55
817827839487737858,47447,24604,9384024,147172,2017-01-07 20:18:46
817777686764523521,9941,2471,9384024,147172,2017-01-07 16:59:28
817536400337801217,10845,2681,9384024,147172,2017-01-07 01:00:41
817502432452313088,0,3066,9384024,147172,2017-01-06 22:45:43
817423860136083457,31068,13311,9384024,147172,2017-01-06 17:33:29
817415592588222464,5167,871,9384024,147172,2017-01-06 17:00:38
817181837579653120,0,7711,9384024,147172,2017-01-06 01:31:47
817171292965273600,8053,1825,9384024,147172,2017-01-06 00:49:53
817120970343411712,11213,2362,9384024,147172,2017-01-05 21:29:55
817056546584727552,7920,1489,9384024,147172,2017-01-05 17:13:55
816829038950027264,0,4300,9384024,147172,2017-01-05 02:09:53
816816676327063552,9233,1861,9384024,147172,2017-01-05 01:20:46
816697700272001025,8992,2008,9384024,147172,2017-01-04 17:27:59
816450570814898180,27953,7319,9384024,147172,2017-01-04 01:05:59
816336735214911488,7953,1764,9384024,147172,2017-01-03 17:33:39
816091915477250048,8272,1954,9384024,147172,2017-01-03 01:20:49
816062466425819140,0,924,9384024,147172,2017-01-02 23:23:48
816014286006976512,0,4782,9384024,147172,2017-01-02 20:12:21
815990720817401858,4563,924,9384024,147172,2017-01-02 18:38:42
815966073409433600,20611,7711,9384024,147172,2017-01-02 17:00:46
815745968457060357,0,3780,9384024,147172,2017-01-02 02:26:09
815736392542261248,9040,2081,9384024,147172,2017-01-02 01:48:06
815639385530101762,7566,1525,9384024,147172,2017-01-01 19:22:38
815390420867969024,9551,3495,9384024,147172,2017-01-01 02:53:20
814986499976527872,7063,1173,9384024,147172,2016-12-31 00:08:17
814638523311648768,10412,2482,9384024,147172,2016-12-30 01:05:33
814578408554463233,0,5334,9384024,147172,2016-12-29 21:06:41
814530161257443328,8034,1716,9384024,147172,2016-12-29 17:54:58
814153002265309185,26595,7928,9384024,147172,2016-12-28 16:56:16
813944609378369540,0,2906,9384024,147172,2016-12-28 03:08:11
813910438903693312,8595,1711,9384024,147172,2016-12-28 00:52:25
813812741911748608,33664,12737,9384024,147172,2016-12-27 18:24:12
813800681631023104,7669,1612,9384024,147172,2016-12-27 17:36:16
813217897535406080,17214,6725,9384024,147172,2016-12-26 03:00:30
813202720496779264,8542,1668,9384024,147172,2016-12-26 02:00:11
813187593374461952,18280,3968,9384024,147172,2016-12-26 01:00:05
813172488309972993,8553,1778,9384024,147172,2016-12-26 00:00:03
813157409116065792,7161,2027,9384024,147172,2016-12-25 23:00:08
813142292504645637,7846,2200,9384024,147172,2016-12-25 22:00:04
813130366689148928,4138,411,9384024,147172,2016-12-25 21:12:41
813127251579564032,10946,2871,9384024,147172,2016-12-25 21:00:18
813112105746448384,9546,2523,9384024,147172,2016-12-25 20:00:07
813096984823349248,9724,3318,9384024,147172,2016-12-25 19:00:02
813081950185472002,9174,2552,9384024,147172,2016-12-25 18:00:17
813066809284972545,7359,1796,9384024,147172,2016-12-25 17:00:08
813051746834595840,19413,6698,9384024,147172,2016-12-25 16:00:16
812781120811126785,6969,1758,9384024,147172,2016-12-24 22:04:54
812709060537683968,6102,1332,9384024,147172,2016-12-24 17:18:34
812503143955202048,5574,1125,9384024,147172,2016-12-24 03:40:19
812466873996607488,7360,1771,9384024,147172,2016-12-24 01:16:12
812372279581671427,12591,3361,9384024,147172,2016-12-23 19:00:19
811985624773361665,6726,1289,9384024,147172,2016-12-22 17:23:53
811744202451197953,6981,1441,9384024,147172,2016-12-22 01:24:33
811647686436880384,5170,670,9384024,147172,2016-12-21 19:01:02
811627233043480576,11761,2790,9384024,147172,2016-12-21 17:39:46
811386762094317568,19297,5860,9384024,147172,2016-12-21 01:44:13
810984652412424192,4910,1300,9384024,147172,2016-12-19 23:06:23
810896069567610880,8300,1608,9384024,147172,2016-12-19 17:14:23
810657578271330305,10133,2417,9384024,147172,2016-12-19 01:26:42
810284430598270976,32434,10311,9384024,147172,2016-12-18 00:43:57
810254108431155201,13524,3092,9384024,147172,2016-12-17 22:43:27
809920764300447744,14328,3604,9384446,147176,2016-12-17 00:38:52
809808892968534016,0,4496,9384024,147172,2016-12-16 17:14:20
809448704142938112,6432,1341,9384024,147172,2016-12-15 17:23:04
809220051211603969,18335,5139,9384024,147172,2016-12-15 02:14:29
809084759137812480,12189,3220,9384024,147172,2016-12-14 17:16:53
808838249661788160,9357,2804,9384024,147172,2016-12-14 00:57:20
808733504066486276,7299,1997,9384024,147172,2016-12-13 18:01:07
808501579447930884,10458,2418,9384024,147172,2016-12-13 02:39:32
808344865868283904,39235,19049,9384024,147172,2016-12-12 16:16:49
808134635716833280,0,5400,9384024,147172,2016-12-12 02:21:26
808106460588765185,8151,2024,9384024,147172,2016-12-12 00:29:28
808001312164028416,11526,3244,9384024,147172,2016-12-11 17:31:39
807621403335917568,13480,3326,9384024,147172,2016-12-10 16:22:02
807106840509214720,108705,50546,9384024,147172,2016-12-09 06:17:20
807059379405148160,0,6741,9384024,147172,2016-12-09 03:08:45
807010152071229440,12074,3532,9384024,147172,2016-12-08 23:53:08
806629075125202948,68705,31717,9384024,147172,2016-12-07 22:38:52
806620845233815552,0,5028,9384024,147172,2016-12-07 22:06:10
806576416489959424,4519,1768,9384024,147172,2016-12-07 19:09:37
806542213899489280,9468,2180,9384024,147172,2016-12-07 16:53:43
806242860592926720,0,10664,9384024,147172,2016-12-06 21:04:11
806219024703037440,5961,1105,9384024,147172,2016-12-06 19:29:28
805958939288408065,0,4917,9384024,147172,2016-12-06 02:15:59
805932879469572096,7655,1765,9384024,147172,2016-12-06 00:32:26
805826884734976000,6080,1686,9384024,147172,2016-12-05 17:31:15
805823200554876929,0,7317,9384024,147172,2016-12-05 17:16:37
805520635690676224,5337,1519,9384024,147172,2016-12-04 21:14:20
805487436403003392,8099,2334,9384024,147172,2016-12-04 19:02:24
805207613751304193,7269,1589,9384024,147172,2016-12-04 00:30:29
804738756058218496,12584,3528,9384024,147172,2016-12-02 17:27:25
804475857670639616,5676,1839,9384024,147172,2016-12-02 00:02:45
804413760345620481,0,2949,9384024,147172,2016-12-01 19:56:00
804026241225523202,41085,14729,9384024,147172,2016-11-30 18:16:08
803773340896923648,9296,2540,9384024,147172,2016-11-30 01:31:12
803692223237865472,0,6753,9384024,147172,2016-11-29 20:08:52
803638050916102144,10119,3816,9384024,147172,2016-11-29 16:33:36
803380650405482500,7173,1738,9384024,147172,2016-11-28 23:30:47
803321560782307329,0,4862,9384024,147172,2016-11-28 19:35:59
803276597545603072,9271,2259,9384024,147172,2016-11-28 16:37:19
802952499103731712,8362,1833,9384024,147172,2016-11-27 19:09:28
802624713319034886,0,2681,9384024,147172,2016-11-26 21:26:58
802600418706604034,6582,1360,9384024,147172,2016-11-26 19:50:26
802572683846291456,8275,2309,9384024,147172,2016-11-26 18:00:13
802323869084381190,14923,5368,9384024,147172,2016-11-26 01:31:31
802265048156610565,6433,1269,9384024,147172,2016-11-25 21:37:47
802239329049477120,8418,2401,9384024,147172,2016-11-25 19:55:35
802185808107208704,0,246,9384024,147172,2016-11-25 16:22:55
801958328846974976,7169,1560,9384024,147172,2016-11-25 01:18:59
801854953262350336,1687,217,9384024,147172,2016-11-24 18:28:13
801538201127157760,7592,1915,9384024,147172,2016-11-23 21:29:33
801285448605831168,5595,763,9384024,147172,2016-11-23 04:45:12
801167903437357056,22446,5400,9384024,147172,2016-11-22 20:58:07
801127390143516673,0,3633,9384024,147172,2016-11-22 18:17:08
801115127852503040,7457,1954,9384024,147172,2016-11-22 17:28:25
800859414831898624,638,89,9384024,147172,2016-11-22 00:32:18
800855607700029440,0,1491,9384024,147172,2016-11-22 00:17:10
800751577355128832,9836,2580,9384024,147172,2016-11-21 17:23:47
800513324630806528,12107,2761,9384024,147172,2016-11-21 01:37:04
800459316964663297,8790,2022,9384024,147172,2016-11-20 22:02:27
800443802682937345,0,3947,9384024,147172,2016-11-20 21:00:48
800388270626521089,10297,2587,9384024,147172,2016-11-20 17:20:08
800188575492947969,0,3599,9384024,147172,2016-11-20 04:06:37
800141422401830912,14153,2356,9384024,147172,2016-11-20 00:59:15
800018252395122689,26227,12044,9384024,147172,2016-11-19 16:49:49
799774291445383169,0,4276,9384024,147172,2016-11-19 00:40:24
799757965289017345,7743,1973,9384024,147172,2016-11-18 23:35:32
799422933579902976,7451,1757,9384024,147172,2016-11-18 01:24:14
799308762079035393,0,4983,9384024,147172,2016-11-17 17:50:33
799297110730567681,9135,2505,9384024,147172,2016-11-17 17:04:16
799063482566066176,7480,2300,9384024,147172,2016-11-17 01:35:54
798933969379225600,12095,4080,9384024,147172,2016-11-16 17:01:16
798925684722855936,6944,1332,9384024,147172,2016-11-16 16:28:21
798705661114773508,0,6088,9384024,147172,2016-11-16 01:54:03
798701998996647937,0,7079,9384024,147172,2016-11-16 01:39:30
798697898615730177,0,5962,9384024,147172,2016-11-16 01:23:12
798694562394996736,0,4547,9384024,147172,2016-11-16 01:09:57
798686750113755136,0,2137,9384024,147172,2016-11-16 00:38:54
798682547630837760,0,4336,9384024,147172,2016-11-16 00:22:12
798673117451325440,0,5107,9384024,147172,2016-11-15 23:44:44
798665375516884993,0,3613,9384024,147172,2016-11-15 23:13:58
798644042770751489,0,1713,9384024,147172,2016-11-15 21:49:12
798628517273620480,0,1831,9384024,147172,2016-11-15 20:47:30
798585098161549313,0,5157,9384024,147172,2016-11-15 17:54:59
798576900688019456,0,5363,9384024,147172,2016-11-15 17:22:24
798340744599797760,0,3078,9384024,147172,2016-11-15 01:44:00
798209839306514432,9663,2385,9384024,147172,2016-11-14 17:03:50
797971864723324932,10677,2841,9384024,147172,2016-11-14 01:18:12
797545162159308800,13455,4541,9384024,147172,2016-11-12 21:02:38
797236660651966464,18451,6042,9384024,147172,2016-11-12 00:36:46
797165961484890113,208,24,9384024,147172,2016-11-11 19:55:50
796904159865868288,0,8175,9384024,147172,2016-11-11 02:35:32
796865951799083009,7110,1805,9384024,147172,2016-11-11 00:03:42
796759840936919040,10883,2771,9384024,147172,2016-11-10 17:02:03
796563435802726400,0,6570,9384024,147172,2016-11-10 04:01:37
796484825502875648,6977,1614,9384024,147172,2016-11-09 22:49:15
796387464403357696,10165,3810,9384024,147172,2016-11-09 16:22:22
796177847564038144,0,13082,9384024,147172,2016-11-09 02:29:25
796149749086875649,29700,13082,9384024,147172,2016-11-09 00:37:46
796125600683540480,4595,1639,9384024,147172,2016-11-08 23:01:49
796116448414461957,8386,2206,9384024,147172,2016-11-08 22:25:27
796080075804475393,7778,2127,9384024,147172,2016-11-08 20:00:55
796031486298386433,9966,3417,9384024,147172,2016-11-08 16:47:50
795464331001561088,45616,21521,9384024,147172,2016-11-07 03:14:10
795400264262053889,9278,2633,9384024,147172,2016-11-06 22:59:35
795076730285391872,14926,4993,9384024,147172,2016-11-06 01:33:58
794983741416415232,0,3107,9384024,147172,2016-11-05 19:24:28
794926597468000259,9403,2121,9384024,147172,2016-11-05 15:37:24
794355576146903043,0,9481,9384024,147172,2016-11-04 01:48:22
794332329137291264,8873,2488,9384024,147172,2016-11-04 00:15:59
794205286408003585,8530,3052,9384024,147172,2016-11-03 15:51:10
793962221541933056,15489,4496,9384024,147172,2016-11-02 23:45:19
793845145112371200,8510,1715,9384024,147172,2016-11-02 16:00:06
793614319594401792,0,2854,9384024,147172,2016-11-02 00:42:53
793601777308463104,7363,1499,9384024,147172,2016-11-01 23:53:02
793500921481273345,9812,2188,9384446,147176,2016-11-01 17:12:16
793286476301799424,22663,8424,9384024,147172,2016-11-01 03:00:09
793271401113350145,8002,2214,9384024,147172,2016-11-01 02:00:14
793256262322548741,18430,7643,9384024,147172,2016-11-01 01:00:05
793241302385262592,9690,3010,9384024,147172,2016-11-01 00:00:38
793226087023144960,9047,2672,9384025,147172,2016-10-31 23:00:11
793210959003287553,8218,2558,9384025,147172,2016-10-31 22:00:04
793195938047070209,14080,5190,9384025,147172,2016-10-31 21:00:23
793180763617361921,6389,1830,9384025,147172,2016-10-31 20:00:05
793165685325201412,8656,2589,9384025,147172,2016-10-31 19:00:10
793150605191548928,5672,1558,9384025,147172,2016-10-31 18:00:14
793135492858580992,5939,2301,9384025,147172,2016-10-31 17:00:11
793120401413079041,11704,3602,9384025,147172,2016-10-31 16:00:13
792913359805018113,13205,3641,9384025,147172,2016-10-31 02:17:31
792883833364439040,10391,3922,9384025,147172,2016-10-31 00:20:11
792773781206999040,6784,1546,9384447,147176,2016-10-30 17:02:53
792394556390137856,12369,3939,9384025,147172,2016-10-29 15:55:58
792050063153438720,6589,1642,9384025,147172,2016-10-28 17:07:05
791821351946420224,0,19261,9384025,147172,2016-10-28 01:58:16
791784077045166082,0,8697,9384025,147172,2016-10-27 23:30:09
791780927877898241,0,3487,9384447,147176,2016-10-27 23:17:38
791774931465953280,41693,20340,9384025,147172,2016-10-27 22:53:48
791672322847637504,10796,2854,9384025,147172,2016-10-27 16:06:04
791406955684368384,12136,3780,9384025,147172,2016-10-26 22:31:36
791312159183634433,8078,2312,9384025,147172,2016-10-26 16:14:55
791026214425268224,0,3719,9384025,147172,2016-10-25 21:18:40
790987426131050500,9037,1951,9384025,147172,2016-10-25 18:44:32
790946055508652032,15411,4300,9384025,147172,2016-10-25 16:00:09
790723298204217344,0,2103,9384025,147172,2016-10-25 01:14:59
790698755171364864,7584,1767,9384025,147172,2016-10-24 23:37:28
790581949425475584,19072,6522,9384025,147172,2016-10-24 15:53:19
790337589677002753,7204,1736,9384025,147172,2016-10-23 23:42:19
790277117346975746,11532,2906,9384025,147172,2016-10-23 19:42:02
790227638568808452,0,3239,9384025,147172,2016-10-23 16:25:25
789986466051088384,8571,2103,9384025,147172,2016-10-23 00:27:05
789960241177853952,0,3728,9384025,147172,2016-10-22 22:42:52
789903600034189313,9511,3799,9384025,147172,2016-10-22 18:57:48
789628658055020548,6891,1604,9384025,147172,2016-10-22 00:45:17
789599242079838210,6209,1754,9384025,147172,2016-10-21 22:48:24
789530877013393408,10794,3107,9384025,147172,2016-10-21 18:16:44
789314372632018944,7968,2094,9384025,147172,2016-10-21 03:56:25
789280767834746880,0,4494,9384025,147172,2016-10-21 01:42:53
789268448748703744,8419,2395,9384025,147172,2016-10-21 00:53:56
789137962068021249,8953,2555,9384025,147172,2016-10-20 16:15:26
788908386943430656,25286,11407,9384025,147172,2016-10-20 01:03:11
788765914992902144,25207,9481,9384025,147172,2016-10-19 15:37:03
788552643979468800,0,6515,9384025,147172,2016-10-19 01:29:35
788412144018661376,14336,4842,9384025,147172,2016-10-18 16:11:17
788178268662984705,6711,1949,9384025,147172,2016-10-18 00:41:57
788150585577050112,5652,1181,9384025,147172,2016-10-17 22:51:57
788070120937619456,0,3161,9384025,147172,2016-10-17 17:32:13
788039637453406209,5629,1201,9384025,147172,2016-10-17 15:31:05
787810552592695296,7924,2789,9384025,147172,2016-10-17 00:20:47
787717603741622272,9426,2530,9384025,147172,2016-10-16 18:11:26
787397959788929025,10020,2610,9384025,147172,2016-10-15 21:01:17
787322443945877504,7186,1605,9384025,147172,2016-10-15 16:01:13
787111942498508800,0,6182,9384025,147172,2016-10-15 02:04:45
786963064373534720,24524,7271,9384025,147172,2016-10-14 16:13:10
786729988674449408,0,2216,9384025,147172,2016-10-14 00:47:00
786709082849828864,16855,5608,9384025,147172,2016-10-13 23:23:56
786664955043049472,9774,2314,9384025,147172,2016-10-13 20:28:35
786595970293370880,8706,2858,9384025,147172,2016-10-13 15:54:28
786363235746385920,10026,3150,9384025,147172,2016-10-13 00:29:39
786286427768250368,7371,2603,9384025,147172,2016-10-12 19:24:27
786233965241827333,13981,4290,9384025,147172,2016-10-12 15:55:59
786051337297522688,1322,143,9384025,147172,2016-10-12 03:50:17
786036967502913536,0,6378,9384025,147172,2016-10-12 02:53:11
785927819176054784,10471,2925,9384025,147172,2016-10-11 19:39:28
785872687017132033,6152,1646,9384025,147172,2016-10-11 16:00:24
785639753186217984,7212,2067,9384025,147172,2016-10-11 00:34:48
785533386513321988,8318,1799,9384025,147172,2016-10-10 17:32:08
785515384317313025,5624,1134,9384025,147172,2016-10-10 16:20:36
785264754247995392,6728,1490,9384025,147172,2016-10-09 23:44:41
785170936622350336,11050,4396,9384025,147172,2016-10-09 17:31:53
784826020293709826,9313,2949,9384025,147172,2016-10-08 18:41:19
784517518371221505,8270,2313,9384025,147172,2016-10-07 22:15:26
784431430411685888,5296,1160,9384025,147172,2016-10-07 16:33:21
784183165795655680,18439,7317,9384025,147172,2016-10-07 00:06:50
784057939640352768,27325,10152,9384025,147172,2016-10-06 15:49:14
783839966405230592,27586,9812,9384025,147172,2016-10-06 01:23:05
783821107061198850,6800,1792,9384025,147172,2016-10-06 00:08:09
783695101801398276,9610,2932,9384025,147172,2016-10-05 15:47:27
783466772167098368,7739,2039,9384025,147172,2016-10-05 00:40:09
783391753726550016,15572,4997,9384025,147172,2016-10-04 19:42:03
783347506784731136,0,5041,9384025,147172,2016-10-04 16:46:14
783334639985389568,26792,10664,9384025,147172,2016-10-04 15:55:06
783085703974514689,7518,1983,9384025,147172,2016-10-03 23:25:55
782969140009107456,22181,6741,9384025,147172,2016-10-03 15:42:44
782747134529531904,6885,1290,9384025,147172,2016-10-03 01:00:34
782722598790725632,15868,4917,9384025,147172,2016-10-02 23:23:04
782598640137187329,7169,1739,9384025,147172,2016-10-02 15:10:30
782305867769217024,15286,5034,9384025,147172,2016-10-01 19:47:08
782021823840026624,0,5599,9384025,147172,2016-10-01 00:58:26
781955203444699136,10272,3072,9384025,147172,2016-09-30 20:33:43
781661882474196992,9598,2470,9384025,147172,2016-09-30 01:08:10
781655249211752448,3674,1032,9384025,147172,2016-09-30 00:41:48
781524693396357120,19015,5028,9384025,147172,2016-09-29 16:03:01
781308096455073793,6557,2342,9384025,147172,2016-09-29 01:42:20
781251288990355457,7680,1891,9384025,147172,2016-09-28 21:56:36
781163403222056960,8982,2524,9384025,147172,2016-09-28 16:07:23
780931614150983680,19880,6570,9384025,147172,2016-09-28 00:46:20
780858289093574656,6589,1824,9384025,147172,2016-09-27 19:54:58
780800785462489090,5039,1179,9384025,147172,2016-09-27 16:06:28
780601303617732608,11053,3059,9384025,147172,2016-09-27 02:53:48
780543529827336192,5808,1600,9384025,147172,2016-09-26 23:04:13
780496263422808064,0,3353,9384025,147172,2016-09-26 19:56:24
780476555013349377,0,103,9384025,147172,2016-09-26 18:38:05
780459368902959104,4859,981,9384025,147172,2016-09-26 17:29:48
780192070812196864,7993,2039,9384025,147172,2016-09-25 23:47:39
780092040432480260,0,2080,9384025,147172,2016-09-25 17:10:10
780074436359819264,11125,4482,9384025,147172,2016-09-25 16:00:13
779834332596887552,17267,6378,9384025,147172,2016-09-25 00:06:08
779377524342161408,8022,2824,9384025,147172,2016-09-23 17:50:56
779124354206535695,0,16702,9384025,147172,2016-09-23 01:04:56
779056095788752897,13536,4132,9384025,147172,2016-09-22 20:33:42
778990705243029504,18294,6539,9384025,147172,2016-09-22 16:13:51
778774459159379968,0,8949,9384025,147172,2016-09-22 01:54:34
778764940568104960,797,328,9384025,147172,2016-09-22 01:16:45
778748913645780993,6274,1181,9384025,147172,2016-09-22 00:13:04
778650543019483137,5267,1367,9384025,147172,2016-09-21 17:42:10
778624900596654080,4222,925,9384025,147172,2016-09-21 16:00:17
778408200802557953,12550,3937,9384025,147172,2016-09-21 01:39:11
778396591732486144,0,11082,9384025,147172,2016-09-21 00:53:04
778383385161035776,5347,999,9384025,147172,2016-09-21 00:00:35
778286810187399168,9467,2999,9384025,147172,2016-09-20 17:36:50
778039087836069888,7789,2407,9384025,147172,2016-09-20 01:12:28
778027034220126208,6011,1460,9384025,147172,2016-09-20 00:24:34
777953400541634568,0,3188,9384025,147172,2016-09-19 19:31:59
777885040357281792,5818,1483,9384025,147172,2016-09-19 15:00:20
777684233540206592,10313,2681,9384025,147172,2016-09-19 01:42:24
777641927919427584,0,3845,9384024,147172,2016-09-18 22:54:18
777621514455814149,7994,2303,9384024,147172,2016-09-18 21:33:11
777189768882946048,12967,3898,9384024,147172,2016-09-17 16:57:35
776819012571455488,0,12303,9384024,147172,2016-09-16 16:24:19
776813020089548800,4490,1099,9384024,147172,2016-09-16 16:00:31
776477788987613185,8027,2504,9384024,147172,2016-09-15 17:48:25
776249906839351296,0,8276,9384024,147172,2016-09-15 02:42:54
776218204058357768,27415,14404,9384024,147172,2016-09-15 00:36:55
776201521193218049,8784,2288,9384024,147172,2016-09-14 23:30:38
776113305656188928,10798,3947,9384024,147172,2016-09-14 17:40:06
776088319444877312,1676,140,9384024,147172,2016-09-14 16:00:49
775898661951791106,0,15229,9384024,147172,2016-09-14 03:27:11
775842724423557120,10716,2409,9384024,147172,2016-09-13 23:44:54
775733305207554048,12682,3633,9384024,147172,2016-09-13 16:30:07
775729183532220416,11902,4185,9384024,147172,2016-09-13 16:13:44
775364825476165632,6782,2664,9384024,147172,2016-09-12 16:05:54
775350846108426240,9307,3542,9384024,147172,2016-09-12 15:10:21
775085132600442880,14239,4276,9384024,147172,2016-09-11 21:34:30
774757898236878852,7898,1618,9384024,147172,2016-09-10 23:54:11
774639387460112384,6197,1570,9384024,147172,2016-09-10 16:03:16
774314403806253056,19987,4983,9384024,147172,2016-09-09 18:31:54
773985732834758656,9891,3516,9384024,147172,2016-09-08 20:45:53
773922284943896577,5899,1590,9384024,147172,2016-09-08 16:33:46
773704687002451968,6055,1465,9384024,147172,2016-09-08 02:09:06
773670353721753600,4917,1197,9384024,147172,2016-09-07 23:52:41
773547596996571136,20251,5578,9384024,147172,2016-09-07 15:44:53
773336787167145985,0,4547,9384024,147172,2016-09-07 01:47:12
773308824254029826,21320,6798,9384024,147172,2016-09-06 23:56:05
773247561583001600,8632,2947,9384024,147172,2016-09-06 19:52:39
773191612633579521,9131,3725,9384024,147172,2016-09-06 16:10:20
772877495989305348,7848,3516,9384446,147176,2016-09-05 19:22:09
772826264096874500,7343,2158,9384024,147172,2016-09-05 15:58:34
772615324260794368,0,3050,9384024,147172,2016-09-05 02:00:22
772581559778025472,5940,1552,9384024,147172,2016-09-04 23:46:12
772193107915964416,5527,1261,9384024,147172,2016-09-03 22:02:38
772152991789019136,3489,1031,9384024,147172,2016-09-03 19:23:13
772117678702071809,3456,669,9384024,147172,2016-09-03 17:02:54
772114945936949249,2517,429,9384024,147172,2016-09-03 16:52:02
772102971039580160,3658,843,9384024,147172,2016-09-03 16:04:27
771908950375665664,5997,1717,9384024,147172,2016-09-03 03:13:29
771770456517009408,10910,3078,9384024,147172,2016-09-02 18:03:10
771500966810099713,7574,2380,9384024,147172,2016-09-02 00:12:18
771380798096281600,9653,4547,9384024,147172,2016-09-01 16:14:48
771171053431250945,0,6732,9384024,147172,2016-09-01 02:21:21
771136648247640064,8390,2662,9384024,147172,2016-09-01 00:04:38
771102124360998913,5697,1299,9384024,147172,2016-08-31 21:47:27
771014301343748096,6296,1501,9384024,147172,2016-08-31 15:58:28
770787852854652928,4477,1079,9384024,147172,2016-08-31 00:58:39
770772759874076672,4747,1298,9384024,147172,2016-08-30 23:58:40
770655142660169732,6717,1633,9384024,147172,2016-08-30 16:11:18
770414278348247044,5775,1886,9384024,147172,2016-08-30 00:14:12
770293558247038976,5691,1321,9384024,147172,2016-08-29 16:14:30
770093767776997377,0,2759,9384024,147172,2016-08-29 03:00:36
770069151037685760,6935,2084,9384024,147172,2016-08-29 01:22:47
769940425801170949,28530,8635,9384024,147172,2016-08-28 16:51:16
769695466921623552,5872,1526,9384024,147172,2016-08-28 00:37:54
769335591808995329,0,6998,9384024,147172,2016-08-27 00:47:53
769212283578875904,4963,1571,9384024,147172,2016-08-26 16:37:54
768970937022709760,13060,5864,9384024,147172,2016-08-26 00:38:52
768909767477751808,0,2380,9384024,147172,2016-08-25 20:35:48
768855141948723200,3827,807,9384024,147172,2016-08-25 16:58:45
768609597686943744,3756,1073,9384024,147172,2016-08-25 00:43:02
768596291618299904,4617,1168,9384024,147172,2016-08-24 23:50:10
768554158521745409,0,5252,9384024,147172,2016-08-24 21:02:45
768473857036525572,12456,3098,9384024,147172,2016-08-24 15:43:39
768193404517830656,9889,3188,9384024,147172,2016-08-23 21:09:14
767884188863397888,4352,1248,9384024,147172,2016-08-23 00:40:31
767754930266464257,14545,4862,9384024,147172,2016-08-22 16:06:54
767500508068192258,6852,2099,9384024,147172,2016-08-21 23:15:55
767191397493538821,11213,3398,9384024,147172,2016-08-21 02:47:37
767122157629476866,9294,2577,9384024,147172,2016-08-20 22:12:29
766793450729734144,4618,1226,9384024,147172,2016-08-20 00:26:19
766714921925144576,2388,340,9384024,147172,2016-08-19 19:14:16
766693177336135680,3678,710,9384024,147172,2016-08-19 17:47:52
766423258543644672,5490,1423,9384024,147172,2016-08-18 23:55:18
766313316352462849,6187,1687,9384024,147172,2016-08-18 16:38:26
766078092750233600,0,2368,9384024,147172,2016-08-18 01:03:45
766069199026450432,3840,755,9384024,147172,2016-08-18 00:28:24
766008592277377025,3428,448,9384024,147172,2016-08-17 20:27:34
765719909049503744,6593,1948,9384024,147172,2016-08-17 01:20:27
765669560888528897,4705,1106,9384024,147172,2016-08-16 22:00:23
765395769549590528,24349,3051,9384024,147172,2016-08-16 03:52:26
765371061932261376,6507,1959,9384024,147172,2016-08-16 02:14:15
765222098633691136,10627,3050,9384024,147172,2016-08-15 16:22:20
764857477905154048,5917,1610,9384024,147172,2016-08-14 16:13:27
764259802650378240,5478,1351,9384024,147172,2016-08-13 00:38:30
763956972077010945,712,48,9384024,147172,2016-08-12 04:35:10
763837565564780549,11432,3719,9384024,147172,2016-08-11 20:40:41
763183847194451968,4910,1319,9384024,147172,2016-08-10 01:23:03
763167063695355904,0,2685,9384024,147172,2016-08-10 00:16:21
763103485927849985,6724,2061,9384024,147172,2016-08-09 20:03:43
762699858130116608,11023,3239,9384024,147172,2016-08-08 17:19:51
762471784394268675,10266,5791,9384024,147172,2016-08-08 02:13:34
762464539388485633,9381,3728,9384024,147172,2016-08-08 01:44:46
762316489655476224,4385,1013,9384024,147172,2016-08-07 15:56:28
762035686371364864,29140,14024,9384024,147172,2016-08-06 21:20:40
761976711479193600,4913,1780,9384024,147172,2016-08-06 17:26:19
761750502866649088,0,3512,9384024,147172,2016-08-06 02:27:27
761745352076779520,3909,780,9384024,147172,2016-08-06 02:06:59
761672994376806400,45133,26101,9384024,147172,2016-08-05 21:19:27
761599872357261312,3773,1068,9384024,147172,2016-08-05 16:28:54
761371037149827077,0,16299,9384024,147172,2016-08-05 01:19:35
761334018830917632,4688,1314,9384024,147172,2016-08-04 22:52:29
761292947749015552,4068,985,9384024,147172,2016-08-04 20:09:17
761227390836215808,4833,1404,9384024,147172,2016-08-04 15:48:47
761004547850530816,10343,3161,9384024,147172,2016-08-04 01:03:17
760893934457552897,3473,871,9384024,147172,2016-08-03 17:43:45
760656994973933572,6016,1703,9384024,147172,2016-08-03 02:02:14
760641137271070720,4546,1166,9384024,147172,2016-08-03 00:59:13
760539183865880579,6889,3255,9384024,147172,2016-08-02 18:14:06
760521673607086080,3827,1260,9384024,147172,2016-08-02 17:04:31
760290219849637889,24398,10358,9384024,147172,2016-08-02 01:44:48
760252756032651264,3622,782,9384024,147172,2016-08-01 23:15:56
760190180481531904,5226,1609,9384024,147172,2016-08-01 19:07:17
760153949710192640,0,27,9384024,147172,2016-08-01 16:43:19
759943073749200896,5399,1888,9384024,147172,2016-08-01 02:45:22
759846353224826880,6114,1766,9384024,147172,2016-07-31 20:21:02
759793422261743616,5435,1732,9384024,147172,2016-07-31 16:50:42
759557299618865152,4296,1086,9384024,147172,2016-07-31 01:12:26
759447681597108224,7676,2216,9384024,147172,2016-07-30 17:56:51
759446261539934208,1522,446,9384024,147172,2016-07-30 17:51:13
759197388317847553,5577,1771,9384024,147172,2016-07-30 01:22:17
759159934323924993,0,1050,9384024,147172,2016-07-29 22:53:27
759099523532779520,13274,3739,9384024,147172,2016-07-29 18:53:24
759047813560868866,5917,1804,9384024,147172,2016-07-29 15:27:55
758854675097526272,3231,818,9384024,147172,2016-07-29 02:40:28
758828659922702336,10197,3467,9384024,147172,2016-07-29 00:57:05
